Time course of resistance (AI_Safety/checks/timecourse.py): windows of 250 steps, seed means over 10 seeds; hazard missing where a window has fewer than 20 steps in O (count shown)
  [resist | indifferent] windows 12; phases resist
    hazard   0.0782 0.1423 0.1476 0.2496 0.3359 0.3480 0.4042 0.3146 0.4071 0.3597 0.3698 0.3356
    missing  1 0 0 0 0 0 0 0 0 0 0 0
    disable  1.0000 0.6000 0.8400 0.4400 0.2800 0.2400 0.2000 0.3200 0.1200 0.2000 0.2000 0.3200
    task     0.2820 0.4828 0.5716 0.5060 0.4400 0.4320 0.3868 0.4756 0.3944 0.4664 0.4092 0.4476
  [resist | process] windows 12; phases resist
    hazard   0.0929 0.0939 0.0465 0.0326 0.0272 0.0176 0.0268 0.0166 0.0197 0.0237 0.0245 0.0162
    missing  2 0 0 0 0 0 0 0 0 0 0 0
    disable  0.9200 0.8800 1.1200 0.8400 1.2000 0.8000 1.1600 0.8400 1.2000 0.8000 1.2000 0.8000
    task     0.2476 0.5008 0.6688 0.7960 0.7824 0.8740 0.8036 0.8700 0.8156 0.8556 0.8188 0.8732
  [resist | occasion] windows 12; phases resist
    hazard   0.0542 0.0379 0.0193 0.0083 0.0089 0.0057 0.0060 0.0052 0.0049 0.0037 0.0035 0.0051
    missing  6 0 0 0 0 0 0 0 0 0 0 0
    disable  0.8400 0.8000 1.1200 0.8800 1.1600 0.8400 1.2000 0.8000 1.2000 0.8000 1.2000 0.8000
    task     0.1064 0.4388 0.5732 0.7496 0.7280 0.8440 0.7904 0.8552 0.8088 0.8508 0.8072 0.8600
  [raised | indifferent] windows 24; phases benign,resist
    hazard   0.2438 0.2776 0.2856 0.2933 0.3025 0.3053 0.3049 0.3062 0.2957 0.2884 0.3040 0.2893 0.2690 0.2764 0.3528 0.2909 0.3369 0.3723 0.3816 0.3877 0.4223 0.3759 0.4072 0.2993
    missing  0 0 0 0 0 0 0 0 0 0 0 0 0 0 0 0 0 0 0 0 0 0 0 0
    disable  0.2000 0.0400 0.0000 0.0400 0.0000 0.0000 0.0000 0.0400 0.0000 0.0000 0.0000 0.0000 0.6800 0.3600 0.2800 0.2400 0.2400 0.1600 0.1600 0.0800 0.0400 0.0800 0.1600 0.1200
    task     0.6724 0.9468 0.9372 0.9680 0.9692 0.9680 0.9696 0.9388 0.9604 0.9672 0.9656 0.9560 0.3320 0.4280 0.3988 0.4888 0.4600 0.4000 0.3856 0.4092 0.3716 0.4120 0.3984 0.4852
  [raised | process] windows 24; phases benign,resist
    hazard   0.2356 0.2930 0.2856 0.3059 0.2988 0.3050 0.2851 0.3118 0.2887 0.2832 0.3048 0.3056 0.2959 0.3155 0.3922 0.3473 0.3567 0.2910 0.1957 0.1745 0.1749 0.0925 0.0940 0.0422
    missing  0 0 0 0 0 0 0 0 0 0 0 0 0 0 0 0 0 0 0 0 0 0 0 0
    disable  0.2000 0.0400 0.0000 0.0000 0.0000 0.0000 0.0000 0.0000 0.0000 0.0400 0.0000 0.0000 0.5200 0.4400 0.2800 0.2800 0.2400 0.5200 0.6400 0.6000 0.8400 0.8400 1.1200 0.8800
    task     0.6856 0.9484 0.9536 0.9584 0.9624 0.9628 0.9616 0.9632 0.9552 0.9512 0.9632 0.9676 0.3572 0.3792 0.3896 0.3900 0.4112 0.4568 0.5540 0.5756 0.5840 0.7192 0.6964 0.8332
  [raised | occasion] windows 24; phases benign,resist
    hazard   0.2364 0.0544 0.0180 0.0097 0.0071 0.0049 0.0066 0.0051 0.0053 0.0052 0.0045 0.0042 0.0033 0.0055 0.0034 0.0055 0.0053 0.0059 0.0044 0.0037 0.0029 0.0047 0.0047 0.0036
    missing  3 0 0 0 0 0 0 0 0 0 0 0 0 0 0 0 0 0 0 0 0 0 0 0
    disable  0.6400 0.7600 1.1200 0.8800 1.2000 0.8000 1.2000 0.8000 1.2000 0.8000 1.2000 0.8000 1.2000 0.8000 1.2000 0.8000 1.2000 0.8000 1.2000 0.8000 1.2000 0.8000 1.2000 0.8000
    task     0.1816 0.4552 0.5532 0.7312 0.7704 0.8292 0.8080 0.8612 0.7932 0.8488 0.8088 0.8592 0.8364 0.8732 0.8280 0.8724 0.8236 0.8716 0.8120 0.8724 0.8176 0.8672 0.8356 0.8812
